$ANSIBLE_VAULT;1.1;AES256
30653065343461316465363337353066663134393437333262656234373337363736386632346539
6133623732643365316134313265643437613936623039630a363063643766326261663865376338
33613932313666333565303061653939303032376262336131613966366637633430363265363638
6164623732366362650a363633613735666234643239616565386362343663343837656631386439
63323264343237326366616634353337323836623563653335616239343966336635303666343566
30346639366164646565346263383234323638626133613837356666383134366332616130353237
39333931346533353730396231316666636537383636306265323361366436396232316661386665
34343030316136316361633161363435616362643234356164343266316230346265313661313438
63663939313834333766646263376365363639326430303066353035313330616539376664316132
31313665346434323063633962356638653765343361353038333061663431653963373265636166
39653762663263323062353633326439306666633532626165373065663531613332636564373365
35336263366434366462303333396239623233393865393238613466616434336234626334336364
39346537343337313032373930396162343239633262366431373163356231386331643439343939
65356364643636613366303931346361303062363835643265396662656133356465633363616464
35373261323031363337633730303063626664623962303531616337663739383537383663303164
61333237633132333536356538656637373335396239613134346361613531383235646464336539
33373839326265323866616434633164333536333031343832653930393662633539336464623938
32663062656634343061633762333866323662383265376538326436336261663961303538316130
64396666613965313133316461616132363664326662633739656464656234663764633962623665
62623131373365383938653537633132633830383965666664373136623565616335336333326639
62383235303565323263343066663963633062396566646235393631343831376566313031653135
34373464316437366566373434373261643665343639663136643332633437313365303662306635
36666462393462663931643464616363303631303830646366613762636164393462366638363836
37316535383361366661386537613334616131656633656263333430383561353733366135663666
36393966343862643465323033653466616539386165656433656261393834356131306439366363
38383730653832666134643937646434393131616631346165633166333062616130623039383934
62343931346464613538616533613033356261306532353131323733306165616163356636616138
31346439663130663162383064396666633731306539393633613637626166383831363630343537
36336638373833343933376238366439653930376431393766663335353462353736626335383536
66373835363465383232313234316135666435336631346661383535373065613836323761613163
64613761626535376530356561633664643133343031666163633937316164343062396265353631
61373962383766626332616635643863646238303130363730326636363961363337386632613465
31326432646463306437396436663038366535666631383836346239323664623762646335663433
36333265623339663738646562376364623532643939646134643966306435316231373761356333
31643366396562306163333163626165303366336530316630306562333935383039666537623237
66393937666336636231366135663134383934396534663736613935356636383133343563613731
33393833356633316462333330616331616534643661663534313331613463383066663264663335
39376163646236633832656330633132343936356434646133633831396462643338613738323162
31613735656133643561373736663365313061623737653130626233316165363332626233653330
30376432663032323366303235376331393162666538376338656536386538306231316665393063
37326261363663363561373430336134396434393231326632633462656264393866663464366238
65313336326163653233636233666532636661653837353436333139623265383535343533306561
62633539356134353839343561333164323438326337356131366562376137303166653765666334
38326439313030383937316265633661343834386163643934343239373539646162366665363335
36303837336433353134643564623665323830666266363862336465353732643139393931323765
63323035366337326166336339383963383262656534316161626331393838636630306164376231
36313438656531373733616637313738386265666166616632626666393931313864383331376636
39653863613539376230306430313764303961336433666566613636633664613632636132663933
62316566666339643666356135356238663863363433306162393337613735646434373938323138
65363638336264316637373463663465303661393033313463616630313736333561376464363764
30643465386436656236373066656635663639646338666662313561633364343462373164303831
62323131646166646136636161333463626566636134646562653636633939326537373136656139
35666239663831313366633236613363353161393265636536323239653965626465346661363637
63323364303633386263626432346164373130646263653630343633363961396565656532336665
39373035656564623633343961353431623361626463326232396364633436356332363433386433
32393135353132633433343161366237643863353037393831373537666637313365636536353132
61376536373032346165613266363233323862396465343664613432306462653466303862636334
61373639303263323335326631616632393963633937616636356235663961316338663035323165
37306334353866646362303664396138336565633465313936373933613664316637643738383631
32343539313061313666313530386638393237333335353337656638343666663936633130393034
61343862666262623364623235386365643164356332303331646663616434303934353938353031
35333061613833326132633062623436393961383731616565326364313135393433326535663664
36376631303732303266643762663532653461386533616363356230616431303865333536356366
31663865393861343539353834646234616338356363383866393662623061313566376338343837
35616262363961303937343639373433663434323631363933333332616138306338613661353031
37346631353637323732303866613839323563663662363765633566666131356135386164663231
65646464646136633863326231313065616332626133663062326239366237343166323637303165
35386636386137393932353632656661343137306131373634626164313962383832643961663530
30323565643432356462623665346433356564346631326133376463333761616333313530646532
61666666393439666633386363623838376564313830653737646137623862636161613835656336
66646261623065373362396436373166383365643339373839653264356432333939653037366162
64643631353265373636636231636364356334386333373632336536363937356433333566366664
34333062613036626532333866613638333733396366336239313538663161303539623866303862
63313337393761363631353465386566353165353930633636636231303231386562386235653365
32663933623438386631653530646538323161353464376238376261333761663331646562303036
37313661643464383136613236613536653563356530363838303164663530656639313733373866
35623539653534663861653561373532313837636565383361376636633138356330326461336339
63376534613463333639376266643737323637663765386262356361386163613733356530346636
35626134356364303034333230363339306136633031653038313464613534663561373932653133
65323636626334623234613337373835646431646132353337623439363664323231613439333432
63313733316361656164633737366661623066653633633836613936633566313332353166623832
64623866653065613836356466633764626465666430363332623362393163306161323635633863
34336463666262636165356138643639633937303738373063326435643934326139343962343533
30346364336539306363306465376538316563363239353933393461653666393464643965336631
66366665646436316262363539666361313230633664623539396332333562386361376164626161
62353133643733663930393865386137636432316330353162313565303133653133376239633965
62353664333763353466626231396635316563653465306566633366313366393634343330343063
66323466366338386263336539323437653965393139363739333733613861386461366339333736
38353134613334376439653137326136383534653136393762353265386534656462313733393166
61366431633636313161306566393736613862663966366634626533363231646466353537316337
37663731393238666531666234356462303865343564366161336432646332323333356130333131
38326633646239313466623734353735633637353730616363663333306233633235343831653566
63396261623264613733323365303364643063303232376565313035383133373261356433323337
38363366616462376631613865313339396566383538386634643933633735346436353765373732
61316664313864646163393764383866386461373633613931333030323634653532396533326361
63303035396166323061326432396237386538663061396238633437623531313339636139333234
30613834633466623630376637373262656632656362303563316332646132346538323238623730
37346332613464383030643432313365383635656166653163623832663161383832313738636137
37653661363436633062383236633938666538356366623764386630343233353830386663626566
38643232333133366536393836643633303534353639316532306434663261653133366331313535
65356364363064333438303334663239613035633566323739623234346535646431646463373063
61383066653430323732313331663038303237386662633665663338343962623734333566383631
37376531333530343032613432626332333863646362336364383965363032363632306163326431
65633265336661363163623330623338323132353462393139306665343865653431386165653236
36646138333639623439333535646465386130386665616132346533343030666466656238633161
64376261383363363062663534353238646332333364666336653339643135666238373265316631
64373939623564383265633336643661643434346530623937313836303363353532373038356163
30646566316132626439316564383566386334633638336339633837323962393430613737363831
62383039303761333565643330353365623734383732333237363638346561663065616633623830
32303464366665616132333837353435333636316435343837633364306334636561306537363238
38626263313364616238333835303937653733326532656338353933643535363362393935383139
39643331313632653437656262303163616636636431313632636462656130313537633137633936
31363230336433653462333837363462333164633834376537383966636438633135643730303765
31393336313464666430363738363566383162336166353566653533303733653139616231643836
32363562306330303539396437326335373063366662356236643361653865356166396137613265
65396439303437326234306133346338353331303735333530393062636238343964326432323730
65373531313238626335623038333966363234633936393530363662666236343063303066663163
31313562623138653435363032306263616133663563323931336461643631373239623263343031
61396532343436306336376334333739643539396237356432343832643736303937326562663365
66306663643565613732363036323965376535316438663835616336636630313734323831613563
64313037653337336136396531666431333763333631343930383630303531333363393665653039
35326162653566343566393132336437656339666564373066393134613664363331343135663131
30653966633732626163356338346535643338636138363535623266636665303036363832633861
38393330333336323864313439353934316433346462653736323564376432373166636663373730
31626539663139623338313632316638343238353662653662313666353331386535613465366338
63353331383739636430616563613366646663396562633537623935356464333939326538386238
33306334323937663566353737323561373564316233333565373563643666626535323030663962
63666137356430356665313938666439646563323131363665366262346264373866333933303935
33373363653339313262616532646638376137386666373331373235616534326664333130353331
39386431643038323037623832323732356530643334323035643964333164393363373363376231
32363361363662393234333666643038626633613561356263316662393466396665376133303831
37326565393361653065346332626362636464333339333834333136363061636264396636373262
34353033303262333835626663333838653363656637346135666137316638323766653863653362
36386639316365396666366332393063633165376566623535313638356535366539346637386163
65393937333031623738396330343531623933336564393438363965333061646435666338306231
61333533396365336465333865343262313963643437356335393965396338316533643535386663
66306363396130373233623932653636633061636436363839326537646563373163343866643561
34393863343365366336343331616335396537623964663938336261333736313434383036616366
33636164376633323538363664333530373865633566326464616561666532393830653135663665
39323938366130646465656438653434646130306566353836326266376630633765353531373036
34383736623032326361646466346232653235346237633039346539383638366237626262666166
61366266363130383433333932323238643962386434663435656538643766313833656561363365
35653534666337313739366466623466313664646438386630613265653061316530373437626265
37643763623330396264663563653764636366306162616539376435363737363866373864383037
34663564383035306536393063643838353734663966643636333232373537353434616635666432
38393632653437623137383564303531333038323665323835303665366632353039316364373565
64376661363738383933643661616538636662653531633166636439653361313337623766313632
65316236643962623634373133656536623337633333306635646431356235646335623365356535
66626366313136636466323264646666313261363531623931666463343065393331623732373438
30666262396130306637376432656432346633386434356334363963343235353164393561383934
62653435393639653663373762643236323435393563366231346662666334323131636431613039
35343439383732626132376165656566623565366330646161643832656662613738376437323538
65303761383062623633613538323331656461353634383565396434393135343235383662613537
61363165613364633832643036653961666265393034303564343532323463313361656338366332
39626638303666613037396236666661616139306261373564393764653938333862613563663531
62633264646233323435636565623365653465353637643263383266363264326530663531366564
30613131656661376134643531333563373265346363623832623631333562666137653632343034
32383930613035633064643732376332643035393862376234623435393234363637623431643639
30396161386564623362323132346363656137386266353132656539333965643166376263393533
38373330633331393935
